<Hierarchy>
	<Frame>: 0 Armature
		<Transform>: 100.000000 0.000000 0.000000 0.000000 0.000000 -0.000016 -100.000000 0.000000 0.000000 100.000000 -0.000016 0.000000 0.000000 0.000000 0.000000 1.000000 100.000000 100.000000 100.000000 -90.000008 0.000000 0.000000 0.000000 0.000000 0.000000 
		<Children>: 1
		<Frame>: 1 Root.001
			<Transform>: 1.000000 0.000000 0.000000 0.000000 0.000000 -0.000000 1.000000 0.000000 0.000000 -1.000000 -0.000000 0.000000 0.000000 0.000000 0.000000 1.000000 1.000000 1.000000 1.000000 90.000008 -0.000000 0.000000 0.000000 0.000000 0.000000 
			<Children>: 7
			<Frame>: 2 Stretch.foot.R.001
				<Transform>: -1.000000 0.000000 0.000000 0.000000 0.000000 0.000000 1.000000 0.000000 0.000000 1.000000 -0.000000 0.000000 -0.087723 0.021762 -0.010578 1.000000 1.000000 1.000000 1.000000 90.000008 -0.000000 179.999985 -0.087723 0.021762 -0.010578 
				<Children>: 1
				<Frame>: 3 Leg.foot.R.003
					<Transform>: 0.998955 -0.032276 -0.032356 0.000000 -0.038537 -0.214323 -0.976002 0.000000 0.024567 0.976229 -0.215343 0.000000 -0.000000 -0.000002 -0.000010 1.000000 1.000000 1.000000 1.000000 -102.442291 1.854160 -1.850572 -0.000000 -0.000002 -0.000010 
					<Children>: 1
					<Frame>: 4 Leg.foot.R.001
						<Transform>: 0.998955 -0.038537 0.024567 0.000000 -0.032276 -0.214323 0.976229 0.000000 -0.032356 -0.976002 -0.215343 0.000000 -0.000000 0.000000 0.000000 1.000000 1.000000 1.000000 1.000000 102.439461 -1.407733 -2.209216 -0.000000 0.000000 0.000000 
						<Children>: 1
						<Frame>: 5 Leg.toes.R.001
							<Transform>: 1.000000 -0.000000 -0.000000 0.000000 0.000000 1.000000 0.000000 0.000000 0.000000 -0.000000 1.000000 0.000000 -0.000000 0.046476 -0.000000 1.000000 1.000000 1.000000 1.000000 0.000003 0.000000 -0.000009 -0.000000 0.046476 -0.000000 
							<Children>: 1
							<Frame>: 6 Leg.toes.R.001_end
								<Transform>: 1.000000 0.000000 -0.000000 0.000000 0.000000 1.000000 0.000000 0.000000 -0.000000 -0.000000 1.000000 0.000000 0.000000 0.035751 -0.000000 1.000000 1.000000 1.000000 1.000000 0.000000 0.000000 0.000000 0.000000 0.035751 0.000000 
								<Children>: 0
							</Frame>
						</Frame>
					</Frame>
				</Frame>
			</Frame>
			<Frame>: 7 Stretch.hand.R.001
				<Transform>: -0.637694 0.770283 0.003137 0.000000 -0.770287 -0.637697 -0.000000 0.000000 0.002000 -0.002416 0.999995 0.000000 -0.264789 0.289810 -0.000000 1.000000 1.000000 1.000000 1.000000 -0.000005 -0.179727 129.620346 -0.264789 0.289810 -0.000000 
				<Children>: 1
				<Frame>: 8 Arm.hand.R.002
					<Transform>: 0.999980 0.006131 -0.001571 0.000000 -0.006131 0.999981 0.000019 0.000000 0.001571 -0.000010 0.999999 0.000000 0.000000 -0.000002 -0.000000 1.000000 1.000000 1.000000 1.000000 0.001096 0.090033 0.351290 0.000000 -0.000002 -0.000000 
					<Children>: 1
					<Frame>: 9 Arm.hand.R.001
						<Transform>: 1.000000 -0.000001 0.000001 0.000000 0.000001 1.000000 -0.000000 0.000000 -0.000001 0.000000 1.000000 0.000000 0.000000 -0.000000 -0.000000 1.000000 1.000000 1.000000 1.000000 -0.000000 -0.000052 -0.000042 0.000000 -0.000000 -0.000000 
						<Children>: 5
						<Frame>: 10 Arm.finger.li.R.001
							<Transform>: -0.487077 -0.577427 -0.655236 0.000000 -0.196770 0.803513 -0.561826 0.000000 0.850904 -0.144722 -0.504993 0.000000 0.001355 0.028032 -0.043119 1.000000 1.000000 1.000000 1.000000 48.049454 139.062454 49.851379 0.001355 0.028032 -0.043119 
							<Children>: 1
							<Frame>: 11 Arm.finger.li.R.002
								<Transform>: 0.999691 0.022713 0.010119 0.000000 -0.017998 0.941771 -0.335773 0.000000 -0.017156 0.335487 0.941888 0.000000 0.000000 0.050000 0.000000 1.000000 1.000000 1.000000 1.000000 -19.620621 -0.579763 1.301530 0.000000 0.050000 0.000000 
								<Children>: 1
								<Frame>: 12 Arm.finger.li.R.002_end
									<Transform>: 1.000000 0.000000 0.000000 0.000000 0.000000 1.000000 0.000000 0.000000 0.000000 0.000000 1.000000 0.000000 0.000000 0.030000 0.000000 1.000000 1.000000 1.000000 1.000000 0.000000 0.000000 0.000000 0.000000 0.030000 0.000000 
									<Children>: 0
								</Frame>
							</Frame>
						</Frame>
						<Frame>: 13 Arm.finger.ri.R.000
							<Transform>: -0.333874 -0.390225 -0.858052 0.000000 -0.094792 0.919571 -0.381318 0.000000 0.937839 -0.045975 -0.344011 0.000000 0.005047 0.030368 -0.019876 1.000000 1.000000 1.000000 1.000000 47.944412 120.901466 49.449936 0.005047 0.030368 -0.019876 
							<Children>: 1
							<Frame>: 14 Arm.finger.ri.R.001
								<Transform>: 1.000000 -0.000003 -0.000002 0.000000 0.000003 1.000000 -0.000004 0.000000 0.000002 0.000004 1.000000 0.000000 -0.000000 0.007930 0.007574 1.000000 1.000000 1.000000 1.000000 -0.000213 0.000138 -0.000164 -0.000000 0.007930 0.007574 
								<Children>: 1
								<Frame>: 15 Arm.finger.ri.R.002
									<Transform>: 0.999911 -0.000316 -0.013316 0.000000 -0.005445 0.902673 -0.430292 0.000000 0.012155 0.430327 0.902591 0.000000 -0.000000 0.057210 0.000000 1.000000 1.000000 1.000000 1.000000 -25.488527 0.762949 -0.018088 -0.000000 0.057210 0.000000 
									<Children>: 1
									<Frame>: 16 Arm.finger.ri.R.002_end
										<Transform>: 1.000000 0.000000 0.000000 0.000000 0.000000 1.000000 0.000000 0.000000 0.000000 0.000000 1.000000 0.000000 0.000000 0.040864 0.000000 1.000000 1.000000 1.000000 1.000000 0.000000 0.000000 0.000000 0.000000 0.040864 0.000000 
										<Children>: 0
									</Frame>
								</Frame>
							</Frame>
						</Frame>
						<Frame>: 17 Arm.finger.mi.R.000
							<Transform>: -0.146537 -0.164856 -0.975372 0.000000 -0.033532 0.986277 -0.161661 0.000000 0.988637 0.009016 -0.150054 0.000000 0.008738 0.032704 0.003367 1.000000 1.000000 1.000000 1.000000 47.132473 102.742455 48.366669 0.008738 0.032704 0.003367 
							<Children>: 1
							<Frame>: 18 Arm.finger.mi.R.001
								<Transform>: 1.000000 0.000001 -0.000005 0.000000 -0.000001 1.000000 -0.000000 0.000000 0.000005 0.000000 1.000000 0.000000 -0.000000 0.008065 0.007649 1.000000 1.000000 1.000000 1.000000 -0.000021 0.000305 0.000032 -0.000000 0.008065 0.007649 
								<Children>: 1
								<Frame>: 19 Arm.finger.mi.R.002
									<Transform>: 0.999713 -0.007362 -0.022782 0.000000 -0.004365 0.879565 -0.475758 0.000000 0.023541 0.475721 0.879281 0.000000 -0.000000 0.058231 0.000000 1.000000 1.000000 1.000000 1.000000 -28.416784 1.305444 -0.421911 -0.000000 0.058231 0.000000 
									<Children>: 1
									<Frame>: 20 Arm.finger.mi.R.002_end
										<Transform>: 1.000000 -0.000000 0.000000 0.000000 0.000000 1.000000 0.000000 0.000000 0.000000 -0.000000 1.000000 0.000000 0.000000 0.042907 0.000000 1.000000 1.000000 1.000000 1.000000 0.000000 0.000000 0.000000 0.000000 0.042907 0.000000 
										<Children>: 0
									</Frame>
								</Frame>
							</Frame>
						</Frame>
						<Frame>: 21 Arm.finger.in.R.001
							<Transform>: 0.056262 0.076219 -0.995503 0.000000 -0.019092 0.996982 0.075253 0.000000 0.998233 0.014773 0.057547 0.000000 0.012430 0.035040 0.026609 1.000000 1.000000 1.000000 1.000000 52.594460 84.563934 53.566849 0.012430 0.035040 0.026609 
							<Children>: 1
							<Frame>: 22 Arm.finger.in.R.002
								<Transform>: 0.999678 0.021324 0.013721 0.000000 -0.014010 0.915500 -0.402074 0.000000 -0.021135 0.401753 0.915504 0.000000 -0.000000 0.059253 -0.000000 1.000000 1.000000 1.000000 1.000000 -23.710297 -0.786173 1.221992 -0.000000 0.059253 -0.000000 
								<Children>: 1
								<Frame>: 23 Arm.finger.in.R.002_end
									<Transform>: 1.000000 0.000000 0.000000 0.000000 -0.000000 1.000000 -0.000000 0.000000 -0.000000 -0.000000 1.000000 0.000000 -0.000000 0.042907 0.000000 1.000000 1.000000 1.000000 1.000000 0.000000 0.000000 0.000000 0.000000 0.042907 0.000000 
									<Children>: 0
								</Frame>
							</Frame>
						</Frame>
						<Frame>: 24 Arm.thumb.R.001
							<Transform>: 0.936396 0.349229 -0.034659 0.000000 -0.136242 0.452761 0.881162 0.000000 0.323419 -0.820394 0.471543 0.000000 -0.021169 -0.001299 0.014503 1.000000 1.000000 1.000000 1.000000 61.847069 1.986216 20.452997 -0.021169 -0.001299 0.014503 
							<Children>: 1
							<Frame>: 25 Arm.thumb.R.002
								<Transform>: 0.999955 -0.004600 0.008256 0.000000 0.006965 0.949117 -0.314845 0.000000 -0.006387 0.314888 0.949107 0.000000 -0.000000 0.060168 -0.000000 1.000000 1.000000 1.000000 1.000000 -18.352093 -0.473025 -0.263561 -0.000000 0.060168 -0.000000 
								<Children>: 1
								<Frame>: 26 Arm.thumb.R.002_end
									<Transform>: 1.000000 0.000000 -0.000000 0.000000 0.000000 1.000000 0.000000 0.000000 -0.000000 0.000000 1.000000 0.000000 0.000000 0.040000 -0.000000 1.000000 1.000000 1.000000 1.000000 0.000000 0.000000 0.000000 0.000000 0.040000 0.000000 
									<Children>: 0
								</Frame>
							</Frame>
						</Frame>
					</Frame>
				</Frame>
			</Frame>
			<Frame>: 27 Body.center.001
				<Transform>: 1.000000 0.000000 0.000000 0.000000 0.000000 1.000000 0.000000 0.000000 0.000000 0.000000 1.000000 0.000000 0.000000 0.282625 0.000000 1.000000 1.000000 1.000000 1.000000 0.000000 0.000000 0.000000 0.000000 0.282625 0.000000 
				<Children>: 3
				<Frame>: 28 Body.abdomen.001
					<Transform>: 1.000000 -0.000000 -0.000000 0.000000 -0.000000 1.000000 -0.000000 0.000000 0.000000 0.000000 1.000000 0.000000 0.000000 -0.099393 0.000000 1.000000 1.000000 1.000000 1.000000 -0.000000 0.000014 -0.000000 0.000000 -0.099393 0.000000 
					<Children>: 13
					<Frame>: 29 Body.waist.001
						<Transform>: 1.000000 -0.000000 0.000000 0.000000 0.000000 1.000000 -0.000000 0.000000 -0.000000 0.000000 1.000000 0.000000 0.000000 0.034631 -0.000000 1.000000 1.000000 1.000000 1.000000 -0.000002 -0.000014 -0.000000 0.000000 0.034631 0.000000 
						<Children>: 1
						<Frame>: 30 Body.waist.001_end
							<Transform>: 1.000000 0.000000 0.000000 0.000000 -0.000000 1.000000 0.000000 0.000000 0.000000 0.000000 1.000000 0.000000 -0.000000 0.147258 0.000000 1.000000 1.000000 1.000000 1.000000 0.000000 0.000000 0.000000 0.000000 0.147258 0.000000 
							<Children>: 0
						</Frame>
					</Frame>
					<Frame>: 31 Leg.leg.R.001
						<Transform>: -0.824512 0.565266 -0.025590 0.000000 -0.565451 -0.824782 -0.000000 0.000000 -0.021107 0.014470 0.999672 0.000000 -0.065445 0.033169 -0.000000 1.000000 1.000001 1.000000 1.000000 -0.000023 1.466379 145.566391 -0.065445 0.033169 -0.000000 
						<Children>: 1
						<Frame>: 32 Leg.leg.R.002
							<Transform>: 0.868946 0.494840 0.008142 0.000000 -0.493179 0.864421 0.097746 0.000000 0.041331 -0.088951 0.995178 0.000000 -0.000000 0.035489 -0.000000 1.000000 1.000000 1.000002 1.000000 5.609552 -0.466490 29.660271 -0.000000 0.035489 -0.000000 
							<Children>: 1
							<Frame>: 33 Leg.leg.R.003
								<Transform>: 0.992590 0.117480 -0.031020 0.000000 -0.121468 0.965820 -0.228982 0.000000 0.003059 0.231053 0.972936 0.000000 0.000000 0.071196 -0.000000 1.000000 1.000000 0.999998 1.000000 -13.243635 1.777620 6.749972 0.000000 0.071196 -0.000000 
								<Children>: 1
								<Frame>: 34 Leg.leg.R.004
									<Transform>: 0.999988 -0.004801 -0.001000 0.000000 0.004683 0.995351 -0.096178 0.000000 0.001457 0.096173 0.995363 0.000000 0.000000 0.024323 0.000000 1.000000 1.000000 0.999998 1.000000 -5.519161 0.057309 -0.275085 0.000000 0.024323 0.000000 
									<Children>: 1
									<Frame>: 35 Leg.leg.R.004_end
										<Transform>: 1.000000 0.000000 0.000000 0.000000 -0.000000 1.000000 0.000000 0.000000 0.000000 0.000000 1.000000 0.000000 -0.000000 0.072482 0.000000 1.000000 1.000000 1.000000 1.000000 0.000000 0.000000 0.000000 0.000000 0.072482 0.000000 
										<Children>: 0
									</Frame>
								</Frame>
							</Frame>
						</Frame>
					</Frame>
					<Frame>: 36 Leg.leg.L.001
						<Transform>: -0.824512 -0.565266 0.025590 0.000000 0.565451 -0.824782 -0.000000 0.000000 0.021106 0.014470 0.999673 0.000000 0.065445 0.033169 -0.000000 1.000000 1.000001 1.000000 1.000000 -0.000008 -1.466356 -145.566391 0.065445 0.033169 -0.000000 
						<Children>: 1
						<Frame>: 37 Leg.leg.L.002
							<Transform>: 0.868946 -0.494840 -0.008142 0.000000 0.493179 0.864421 0.097746 0.000000 -0.041331 -0.088951 0.995178 0.000000 0.000000 0.035489 0.000000 1.000000 1.000000 1.000002 1.000000 5.609549 0.466490 -29.660271 0.000000 0.035489 0.000000 
							<Children>: 1
							<Frame>: 38 Leg.leg.L.003
								<Transform>: 0.992591 -0.117480 0.031020 0.000000 0.121468 0.965820 -0.228982 0.000000 -0.003059 0.231054 0.972936 0.000000 -0.000000 0.071196 0.000000 1.000000 1.000000 0.999998 1.000000 -13.243647 -1.777621 -6.749975 -0.000000 0.071196 0.000000 
								<Children>: 1
								<Frame>: 39 Leg.leg.L.004
									<Transform>: 0.999988 0.004801 0.001000 0.000000 -0.004683 0.995351 -0.096178 0.000000 -0.001457 0.096172 0.995364 0.000000 -0.000000 0.024323 0.000000 1.000000 1.000000 0.999998 1.000000 -5.519142 -0.057290 0.275083 -0.000000 0.024323 0.000000 
									<Children>: 1
									<Frame>: 40 Leg.leg.L.004_end
										<Transform>: 1.000000 0.000000 0.000000 0.000000 -0.000000 1.000000 0.000000 0.000000 0.000000 0.000000 1.000000 0.000000 0.000000 0.072482 0.000000 1.000000 1.000000 1.000000 1.000000 0.000000 0.000000 0.000000 0.000000 0.072482 0.000000 
										<Children>: 0
									</Frame>
								</Frame>
							</Frame>
						</Frame>
					</Frame>
					<Frame>: 41 Cloth.dress.R.005
						<Transform>: 0.164782 -0.009921 -0.986280 0.000000 -0.383780 -0.921794 -0.054848 0.000000 -0.908603 0.387552 -0.155702 0.000000 -0.156322 0.015648 -0.006600 1.000000 1.000000 1.000000 1.000000 -160.594681 80.498093 -3.445308 -0.156322 0.015648 -0.006600 
						<Children>: 1
						<Frame>: 42 Cloth.dress.R.006
							<Transform>: 1.000000 -0.000001 0.000001 0.000000 0.000001 1.000000 0.000000 0.000000 -0.000001 -0.000000 1.000000 0.000000 -0.000000 0.070790 0.000000 1.000000 1.000000 1.000000 1.000000 0.000014 -0.000032 -0.000073 -0.000000 0.070790 0.000000 
							<Children>: 1
							<Frame>: 43 Cloth.dress.R.007
								<Transform>: 1.000000 0.000001 -0.000002 0.000000 -0.000001 1.000000 -0.000000 0.000000 0.000002 0.000000 1.000000 0.000000 0.000000 0.070790 -0.000000 1.000000 1.000000 1.000000 1.000000 -0.000011 0.000110 0.000040 0.000000 0.070790 -0.000000 
								<Children>: 1
								<Frame>: 44 Cloth.dress.R.007_end
									<Transform>: 1.000000 0.000000 -0.000000 0.000000 -0.000000 1.000000 0.000000 0.000000 -0.000000 -0.000000 1.000000 0.000000 -0.000000 0.053882 -0.000000 1.000000 1.000000 1.000000 1.000000 0.000000 0.000000 0.000000 0.000000 0.053882 0.000000 
									<Children>: 0
								</Frame>
							</Frame>
						</Frame>
					</Frame>
					<Frame>: 45 Cloth.dress.R.009
						<Transform>: 0.841927 -0.009920 -0.539501 0.000000 -0.216804 -0.921795 -0.321388 0.000000 -0.494121 0.387551 -0.778234 0.000000 -0.100464 0.015648 -0.074185 1.000000 1.000000 1.000000 1.000000 -157.560806 32.649677 -0.675067 -0.100464 0.015648 -0.074185 
						<Children>: 1
						<Frame>: 46 Cloth.dress.R.010
							<Transform>: 1.000000 0.000000 -0.000001 0.000000 -0.000000 1.000000 0.000000 0.000000 0.000001 -0.000000 1.000000 0.000000 0.000000 0.070790 -0.000000 1.000000 1.000000 1.000000 1.000000 0.000027 0.000082 0.000000 0.000000 0.070790 -0.000000 
							<Children>: 1
							<Frame>: 47 Cloth.dress.R.011
								<Transform>: 1.000000 0.000001 0.000000 0.000000 -0.000001 1.000000 0.000000 0.000000 -0.000000 -0.000000 1.000000 0.000000 0.000000 0.070790 -0.000000 1.000000 1.000000 1.000000 1.000000 0.000025 -0.000005 0.000057 0.000000 0.070790 -0.000000 
								<Children>: 1
								<Frame>: 48 Cloth.dress.R.011_end
									<Transform>: 1.000000 0.000000 0.000000 0.000000 -0.000000 1.000000 -0.000000 0.000000 0.000000 0.000000 1.000000 0.000000 0.000000 0.053882 0.000000 1.000000 1.000000 1.000000 1.000000 0.000000 0.000000 0.000000 0.000000 0.053882 0.000000 
									<Children>: 0
								</Frame>
							</Frame>
						</Frame>
					</Frame>
					<Frame>: 49 Cloth.dress.R.001
						<Transform>: -0.751419 -0.009921 -0.659749 0.000000 -0.248840 -0.921794 0.297277 0.000000 -0.611103 0.387551 0.690185 0.000000 -0.122132 0.015648 0.086825 1.000000 0.999999 1.000000 0.999999 23.302519 41.280788 -179.243546 -0.122132 0.015648 0.086825 
						<Children>: 1
						<Frame>: 50 Cloth.dress.R.002
							<Transform>: 1.000000 -0.000001 0.000002 0.000000 0.000001 1.000000 -0.000001 0.000000 -0.000002 0.000001 1.000000 0.000000 -0.000000 0.070790 -0.000000 1.000000 1.000000 1.000000 1.000000 -0.000062 -0.000124 -0.000056 -0.000000 0.070790 -0.000000 
							<Children>: 1
							<Frame>: 51 Cloth.dress.R.003
								<Transform>: 1.000000 0.000002 0.000000 0.000000 -0.000002 1.000000 0.000001 0.000000 -0.000000 -0.000001 1.000000 0.000000 -0.000000 0.070790 0.000000 1.000000 1.000000 1.000000 1.000000 0.000064 -0.000015 0.000088 -0.000000 0.070790 0.000000 
								<Children>: 1
								<Frame>: 52 Cloth.dress.R.003_end
									<Transform>: 1.000000 0.000000 -0.000000 0.000000 -0.000000 1.000000 0.000000 0.000000 0.000000 -0.000000 1.000000 0.000000 0.000000 0.053882 0.000000 1.000000 1.000000 1.000000 1.000000 0.000000 0.000000 0.000000 0.000000 0.053882 0.000000 
									<Children>: 0
								</Frame>
							</Frame>
						</Frame>
					</Frame>
					<Frame>: 53 Cloth.dress.L.005
						<Transform>: 0.164783 0.009921 0.986279 0.000000 0.383779 -0.921794 -0.054848 0.000000 0.908603 0.387552 -0.155703 0.000000 0.156322 0.015648 -0.006600 1.000000 0.999999 1.000000 1.000000 -160.594727 -80.498062 3.445335 0.156322 0.015648 -0.006600 
						<Children>: 1
						<Frame>: 54 Cloth.dress.L.006
							<Transform>: 1.000000 0.000001 -0.000001 0.000000 -0.000001 1.000000 0.000000 0.000000 0.000001 -0.000000 1.000000 0.000000 0.000000 0.070790 -0.000000 1.000000 1.000000 1.000000 1.000000 0.000019 0.000052 0.000050 0.000000 0.070790 -0.000000 
							<Children>: 1
							<Frame>: 55 Cloth.dress.L.007
								<Transform>: 1.000000 -0.000001 0.000001 0.000000 0.000001 1.000000 0.000000 0.000000 -0.000001 -0.000000 1.000000 0.000000 -0.000000 0.070790 -0.000000 1.000000 1.000000 1.000000 1.000000 0.000019 -0.000069 -0.000041 -0.000000 0.070790 -0.000000 
								<Children>: 1
								<Frame>: 56 Cloth.dress.L.007_end
									<Transform>: 1.000000 0.000000 0.000000 0.000000 0.000000 1.000000 -0.000000 0.000000 -0.000000 -0.000000 1.000000 0.000000 0.000000 0.053882 0.000000 1.000000 1.000000 1.000000 1.000000 0.000000 0.000000 0.000000 0.000000 0.053882 0.000000 
									<Children>: 0
								</Frame>
							</Frame>
						</Frame>
					</Frame>
					<Frame>: 57 Cloth.dress.L.009
						<Transform>: 0.841927 0.009920 0.539500 0.000000 0.216804 -0.921795 -0.321388 0.000000 0.494120 0.387551 -0.778235 0.000000 0.100464 0.015648 -0.074185 1.000000 1.000000 1.000000 1.000000 -157.560822 -32.649628 0.675080 0.100464 0.015648 -0.074185 
						<Children>: 1
						<Frame>: 58 Cloth.dress.L.010
							<Transform>: 1.000000 -0.000000 0.000000 0.000000 0.000000 1.000000 0.000000 0.000000 -0.000000 -0.000000 1.000000 0.000000 -0.000000 0.070790 0.000000 1.000000 1.000000 1.000000 1.000000 0.000023 -0.000021 -0.000016 -0.000000 0.070790 0.000000 
							<Children>: 1
							<Frame>: 59 Cloth.dress.L.011
								<Transform>: 1.000000 -0.000001 -0.000000 0.000000 0.000001 1.000000 0.000001 0.000000 0.000000 -0.000001 1.000000 0.000000 -0.000000 0.070790 -0.000000 1.000000 1.000000 1.000000 1.000000 0.000042 0.000007 -0.000055 -0.000000 0.070790 -0.000000 
								<Children>: 1
								<Frame>: 60 Cloth.dress.L.011_end
									<Transform>: 1.000000 0.000000 0.000000 0.000000 0.000000 1.000000 -0.000000 0.000000 -0.000000 0.000000 1.000000 0.000000 -0.000000 0.053882 0.000000 1.000000 1.000000 1.000000 1.000000 0.000000 0.000000 0.000000 0.000000 0.053882 0.000000 
									<Children>: 0
								</Frame>
							</Frame>
						</Frame>
					</Frame>
					<Frame>: 61 Cloth.dress.L.001
						<Transform>: -0.751420 0.009921 0.659749 0.000000 0.248839 -0.921795 0.297277 0.000000 0.611102 0.387551 0.690186 0.000000 0.122132 0.015648 0.086825 1.000000 0.999999 1.000000 0.999999 23.302494 -41.280758 179.243561 0.122132 0.015648 0.086825 
						<Children>: 1
						<Frame>: 62 Cloth.dress.L.002
							<Transform>: 1.000000 0.000001 -0.000002 0.000000 -0.000001 1.000000 -0.000001 0.000000 0.000002 0.000001 1.000000 0.000000 -0.000000 0.070790 0.000000 1.000000 1.000000 1.000000 1.000000 -0.000068 0.000113 0.000072 -0.000000 0.070790 0.000000 
							<Children>: 1
							<Frame>: 63 Cloth.dress.L.003
								<Transform>: 1.000000 -0.000001 0.000001 0.000000 0.000001 1.000000 0.000001 0.000000 -0.000001 -0.000001 1.000000 0.000000 0.000000 0.070790 -0.000000 1.000000 1.000000 1.000000 1.000000 0.000055 -0.000072 -0.000084 0.000000 0.070790 -0.000000 
								<Children>: 1
								<Frame>: 64 Cloth.dress.L.003_end
									<Transform>: 1.000000 0.000000 0.000000 0.000000 0.000000 1.000000 0.000000 0.000000 0.000000 0.000000 1.000000 0.000000 -0.000000 0.053881 0.000000 1.000000 1.000000 1.000000 1.000000 0.000000 0.000000 0.000000 0.000000 0.053881 0.000000 
									<Children>: 0
								</Frame>
							</Frame>
						</Frame>
					</Frame>
					<Frame>: 65 Cloth.dress.back.001
						<Transform>: 1.000000 0.000000 0.000000 0.000000 0.000000 -0.921799 -0.387669 0.000000 0.000000 0.387669 -0.921798 0.000000 0.000000 0.017180 -0.089603 1.000000 1.000000 1.000000 1.000000 -157.190460 -0.000015 0.000001 0.000000 0.017180 -0.089603 
						<Children>: 1
						<Frame>: 66 Cloth.dress.back.002
							<Transform>: 1.000000 0.000000 0.000000 0.000000 -0.000000 1.000000 0.000001 0.000000 -0.000000 -0.000001 1.000000 0.000000 -0.000000 0.070790 -0.000000 1.000000 1.000000 1.000000 1.000000 0.000073 -0.000001 0.000002 -0.000000 0.070790 -0.000000 
							<Children>: 1
							<Frame>: 67 Cloth.dress.back.003
								<Transform>: 1.000000 -0.000000 -0.000000 0.000000 0.000000 1.000000 -0.000001 0.000000 0.000000 0.000001 1.000000 0.000000 0.000000 0.070790 -0.000000 1.000000 1.000000 1.000000 1.000000 -0.000054 0.000000 -0.000000 0.000000 0.070790 -0.000000 
								<Children>: 1
								<Frame>: 68 Cloth.dress.back.003_end
									<Transform>: 1.000000 -0.000000 0.000000 0.000000 -0.000000 1.000000 -0.000000 0.000000 0.000000 0.000000 1.000000 0.000000 0.000000 0.053881 0.000000 1.000000 1.000000 1.000000 1.000000 0.000000 0.000000 0.000000 0.000000 0.053881 0.000000 
									<Children>: 0
								</Frame>
							</Frame>
						</Frame>
					</Frame>
					<Frame>: 69 Cloth.dress.front.R.001
						<Transform>: -0.959840 -0.009920 -0.280373 0.000000 -0.099892 -0.921795 0.374588 0.000000 -0.262162 0.387551 0.883784 0.000000 -0.040923 0.015649 0.103418 1.000000 1.000000 1.000000 1.000000 22.969421 16.282442 -179.407883 -0.040923 0.015649 0.103418 
						<Children>: 1
						<Frame>: 70 Cloth.dress.front.R.002
							<Transform>: 1.000000 -0.000000 -0.000000 0.000000 0.000000 1.000000 0.000001 0.000000 0.000000 -0.000001 1.000000 0.000000 -0.000000 0.070790 -0.000000 1.000000 1.000000 1.000000 1.000000 0.000069 0.000022 -0.000022 -0.000000 0.070790 -0.000000 
							<Children>: 1
							<Frame>: 71 Cloth.dress.front.R.003
								<Transform>: 1.000000 0.000003 -0.000003 0.000000 -0.000003 1.000000 0.000001 0.000000 0.000003 -0.000001 1.000000 0.000000 0.000000 0.070790 -0.000000 1.000000 1.000000 1.000000 1.000000 0.000085 0.000156 0.000183 0.000000 0.070790 -0.000000 
								<Children>: 1
								<Frame>: 72 Cloth.dress.front.R.003_end
									<Transform>: 1.000000 -0.000000 0.000000 0.000000 0.000000 1.000000 0.000000 0.000000 0.000000 0.000000 1.000000 0.000000 0.000000 0.053881 0.000000 1.000000 1.000000 1.000000 1.000000 0.000000 0.000000 0.000000 0.000000 0.053881 0.000000 
									<Children>: 0
								</Frame>
							</Frame>
						</Frame>
					</Frame>
					<Frame>: 73 Cloth.dress.front.L.001
						<Transform>: -0.959840 0.009920 0.280372 0.000000 0.099892 -0.921794 0.374589 0.000000 0.262161 0.387552 0.883785 0.000000 0.040923 0.015649 0.103418 1.000000 1.000000 1.000000 1.000000 22.969475 -16.282406 179.407867 0.040923 0.015649 0.103418 
						<Children>: 1
						<Frame>: 74 Cloth.dress.front.L.002
							<Transform>: 1.000000 0.000000 0.000001 0.000000 -0.000000 1.000000 0.000000 0.000000 -0.000001 -0.000000 1.000000 0.000000 -0.000000 0.070790 -0.000000 1.000000 1.000000 1.000000 1.000000 0.000026 -0.000029 0.000027 -0.000000 0.070790 -0.000000 
							<Children>: 1
							<Frame>: 75 Cloth.dress.front.L.003
								<Transform>: 1.000000 -0.000001 0.000001 0.000000 0.000001 1.000000 -0.000000 0.000000 -0.000001 0.000000 1.000000 0.000000 0.000000 0.070790 -0.000000 1.000000 1.000000 1.000000 1.000000 -0.000020 -0.000053 -0.000077 0.000000 0.070790 -0.000000 
								<Children>: 1
								<Frame>: 76 Cloth.dress.front.L.003_end
									<Transform>: 1.000000 0.000000 -0.000000 0.000000 -0.000000 1.000000 0.000000 0.000000 0.000000 0.000000 1.000000 0.000000 0.000000 0.053882 0.000000 1.000000 1.000000 1.000000 1.000000 0.000000 0.000000 0.000000 0.000000 0.053882 0.000000 
									<Children>: 0
								</Frame>
							</Frame>
						</Frame>
					</Frame>
					<Frame>: 77 Tail.001
						<Transform>: 1.000000 -0.000000 0.000000 0.000000 0.000000 -0.840476 -0.541848 0.000000 0.000000 0.541848 -0.840477 0.000000 0.000000 -0.023532 -0.017412 1.000000 1.000000 1.000000 1.000000 -147.190460 -0.000014 -0.000000 0.000000 -0.023532 -0.017412 
						<Children>: 1
						<Frame>: 78 Tail.002
							<Transform>: 1.000000 -0.000000 0.000000 0.000000 0.000000 0.944407 0.328780 0.000000 -0.000000 -0.328780 0.944406 0.000000 -0.000000 0.096596 0.000000 1.000000 1.000000 1.000000 1.000000 19.194748 -0.000000 -0.000000 -0.000000 0.096596 0.000000 
							<Children>: 1
							<Frame>: 79 Tail.003
								<Transform>: 1.000000 -0.000000 -0.000000 0.000000 0.000000 0.944407 0.328779 0.000000 -0.000000 -0.328779 0.944407 0.000000 -0.000000 0.065317 0.000000 1.000000 1.000000 1.000000 1.000000 19.194700 0.000000 -0.000000 -0.000000 0.065317 0.000000 
								<Children>: 1
								<Frame>: 80 Tail.004
									<Transform>: 1.000000 0.000000 -0.000000 0.000000 0.000000 0.947210 0.320614 0.000000 0.000000 -0.320614 0.947210 0.000000 0.000000 0.059056 0.000000 1.000000 1.000000 1.000000 1.000000 18.700079 0.000001 0.000000 0.000000 0.059056 0.000000 
									<Children>: 1
									<Frame>: 81 Tail.004_end
										<Transform>: 1.000000 0.000000 -0.000000 0.000000 0.000000 1.000000 0.000000 0.000000 0.000000 0.000000 1.000000 0.000000 0.000000 0.050603 -0.000000 1.000000 1.000000 1.000000 1.000000 0.000000 0.000000 0.000000 0.000000 0.050603 0.000000 
										<Children>: 0
									</Frame>
								</Frame>
							</Frame>
						</Frame>
					</Frame>
				</Frame>
				<Frame>: 82 Body.chest.001
					<Transform>: 1.000000 0.000000 0.000000 0.000000 0.000000 1.000000 0.000000 0.000000 0.000000 0.000000 1.000000 0.000000 0.000000 0.082496 0.000000 1.000000 1.000000 1.000000 1.000000 0.000000 0.000000 0.000000 0.000000 0.082496 0.000000 
					<Children>: 6
					<Frame>: 83 Cloth.cloak.R.001
						<Transform>: -0.853460 -0.179042 0.489439 0.000000 -0.472344 -0.131105 -0.871609 0.000000 0.220223 -0.975067 0.027324 0.000000 -0.059509 0.082393 -0.059058 1.000000 1.000000 1.000000 1.000000 91.795547 -150.696274 11.847919 -0.059509 0.082393 -0.059058 
						<Children>: 4
						<Frame>: 84 Cloth.cloak.R.002
							<Transform>: 1.000000 -0.000001 -0.000000 0.000000 0.000001 1.000000 0.000000 0.000000 0.000000 -0.000000 1.000000 0.000000 0.000000 0.125060 0.000000 1.000000 1.000000 1.000000 1.000000 0.000018 0.000021 -0.000055 0.000000 0.125060 0.000000 
							<Children>: 1
							<Frame>: 85 Cloth.cloak.R.003
								<Transform>: 1.000000 0.000000 0.000001 0.000000 -0.000000 1.000000 0.000002 0.000000 -0.000001 -0.000002 1.000000 0.000000 0.000000 0.107103 0.000000 1.000000 1.000000 1.000000 1.000000 0.000089 -0.000057 0.000010 0.000000 0.107103 0.000000 
								<Children>: 1
								<Frame>: 86 Cloth.cloak.R.004
									<Transform>: 1.000000 0.000001 0.000000 0.000000 -0.000001 1.000000 0.000001 0.000000 -0.000000 -0.000001 1.000000 0.000000 -0.000000 0.082818 -0.000000 1.000000 1.000000 1.000000 1.000000 0.000063 -0.000025 0.000035 -0.000000 0.082818 -0.000000 
									<Children>: 1
									<Frame>: 87 Cloth.cloak.R.004_end
										<Transform>: 1.000000 0.000000 -0.000000 0.000000 0.000000 1.000000 -0.000000 0.000000 -0.000000 -0.000000 1.000000 0.000000 0.000000 0.066879 -0.000000 1.000000 1.000000 1.000000 1.000000 0.000000 0.000000 0.000000 0.000000 0.066879 0.000000 
										<Children>: 0
									</Frame>
								</Frame>
							</Frame>
						</Frame>
						<Frame>: 88 Cloth.cloak.R.006
							<Transform>: 0.869199 -0.493632 0.028672 0.000000 0.490987 0.868499 0.068131 0.000000 -0.058533 -0.045142 0.997264 0.000000 0.067053 0.010058 0.002177 1.000000 1.000000 1.000000 1.000000 3.908269 -1.642982 -29.592939 0.067053 0.010058 0.002177 
							<Children>: 1
							<Frame>: 89 Cloth.cloak.R.007
								<Transform>: 1.000000 0.000007 -0.000001 0.000000 -0.000007 1.000000 -0.000003 0.000000 0.000001 0.000003 1.000000 0.000000 -0.000000 0.011088 0.000000 1.000000 1.000000 1.000000 1.000000 -0.000167 0.000040 0.000427 -0.000000 0.011088 0.000000 
								<Children>: 1
								<Frame>: 90 Cloth.cloak.R.008
									<Transform>: 1.000000 0.000004 -0.000000 0.000000 -0.000004 1.000000 0.000000 0.000000 0.000000 -0.000000 1.000000 0.000000 0.000000 0.114573 0.000000 1.000000 1.000000 1.000000 1.000000 0.000023 0.000021 0.000206 0.000000 0.114573 0.000000 
									<Children>: 1
									<Frame>: 91 Cloth.cloak.R.009
										<Transform>: 1.000000 -0.000006 0.000001 0.000000 0.000006 1.000000 0.000001 0.000000 -0.000001 -0.000001 1.000000 0.000000 -0.000000 0.103741 0.000000 1.000000 1.000000 1.000000 1.000000 0.000081 -0.000045 -0.000351 -0.000000 0.103741 0.000000 
										<Children>: 1
										<Frame>: 92 Cloth.cloak.R.009_end
											<Transform>: 1.000000 0.000000 0.000000 0.000000 0.000000 1.000000 -0.000000 0.000000 -0.000000 -0.000000 1.000000 0.000000 -0.000000 0.083775 0.000000 1.000000 1.000000 1.000000 1.000000 0.000000 0.000000 0.000000 0.000000 0.083775 0.000000 
											<Children>: 0
										</Frame>
									</Frame>
								</Frame>
							</Frame>
						</Frame>
						<Frame>: 93 Cloth.cloak.001
							<Transform>: 0.853459 0.472343 -0.220223 0.000000 -0.472344 0.879625 0.056121 0.000000 0.220222 0.056124 0.973834 0.000000 -0.050789 -0.028109 0.013105 1.000000 1.000000 1.000000 1.000000 3.298261 12.722124 28.962137 -0.050789 -0.028109 0.013105 
							<Children>: 1
							<Frame>: 94 Cloth.cloak.002
								<Transform>: 1.000000 0.000000 0.000000 0.000000 -0.000000 1.000000 -0.000003 0.000000 -0.000000 0.000003 1.000000 0.000000 -0.000000 0.141732 0.000000 1.000000 1.000000 1.000000 1.000000 -0.000195 -0.000028 0.000003 -0.000000 0.141732 0.000000 
								<Children>: 1
								<Frame>: 95 Cloth.cloak.003
									<Transform>: 1.000000 -0.000000 -0.000000 0.000000 0.000000 1.000000 0.000003 0.000000 0.000000 -0.000003 1.000000 0.000000 -0.000000 0.107174 0.000000 1.000000 1.000000 1.000000 1.000000 0.000195 0.000000 -0.000000 -0.000000 0.107174 0.000000 
									<Children>: 1
									<Frame>: 96 Cloth.cloak.004
										<Transform>: 1.000000 0.000000 0.000000 0.000000 -0.000000 1.000000 -0.000003 0.000000 -0.000000 0.000003 1.000000 0.000000 0.000000 0.081381 0.000000 1.000000 1.000000 1.000000 1.000000 -0.000161 -0.000000 0.000000 0.000000 0.081381 0.000000 
										<Children>: 1
										<Frame>: 97 Cloth.cloak.004_end
											<Transform>: 1.000000 -0.000000 0.000000 0.000000 -0.000000 1.000000 0.000000 0.000000 -0.000000 -0.000000 1.000000 0.000000 0.000000 0.057898 -0.000000 1.000000 1.000000 1.000000 1.000000 0.000000 0.000000 0.000000 0.000000 0.057898 0.000000 
											<Children>: 0
										</Frame>
									</Frame>
								</Frame>
							</Frame>
						</Frame>
						<Frame>: 98 Cloth.cloakdummy.002
							<Transform>: 1.000000 -0.000001 -0.000000 0.000000 0.000001 1.000000 -0.000001 0.000000 0.000000 0.000001 1.000000 0.000000 -0.000000 -0.000000 -0.000000 1.000000 1.000000 1.000000 1.000000 -0.000083 0.000011 -0.000041 -0.000000 -0.000000 -0.000000 
							<Children>: 1
							<Frame>: 99 Cloth.cloakdummy.002_end
								<Transform>: 1.000000 -0.000000 0.000000 0.000000 0.000000 1.000000 -0.000000 0.000000 0.000000 -0.000000 1.000000 0.000000 0.000000 0.017247 0.000000 1.000000 1.000000 1.000000 1.000000 0.000000 0.000000 0.000000 0.000000 0.017247 0.000000 
								<Children>: 0
							</Frame>
						</Frame>
					</Frame>
					<Frame>: 100 Body.back.dummy.002
						<Transform>: 1.000000 0.000000 0.000000 0.000000 0.000000 1.000000 -0.000000 0.000000 0.000000 0.000000 1.000000 0.000000 0.000000 -0.051824 -0.063884 1.000000 1.000000 1.000000 1.000000 -0.000004 0.000000 0.000000 0.000000 -0.051824 -0.063884 
						<Children>: 2
						<Frame>: 101 Wing.R.001
							<Transform>: 0.472909 -0.042047 -0.880107 0.000000 -0.836526 0.292289 -0.463456 0.000000 0.276733 0.955405 0.103052 0.000000 -0.065560 0.089374 -0.018536 1.000000 1.000000 1.000000 1.000000 -77.463852 61.655319 -5.080935 -0.065560 0.089374 -0.018536 
							<Children>: 1
							<Frame>: 102 Wing.R.002
								<Transform>: 0.999974 0.007179 0.000588 0.000000 -0.007179 0.986586 0.163084 0.000000 0.000590 -0.163084 0.986612 0.000000 -0.000000 0.153162 0.000000 1.000000 1.000000 1.000000 1.000000 9.385922 -0.033714 0.411310 -0.000000 0.153162 0.000000 
								<Children>: 1
								<Frame>: 103 Wing.R.003
									<Transform>: 1.000000 -0.000003 0.000000 0.000000 0.000003 1.000000 -0.000002 0.000000 -0.000000 0.000002 1.000000 0.000000 0.000000 0.158046 0.000000 1.000000 1.000000 1.000000 1.000000 -0.000091 -0.000007 -0.000166 0.000000 0.158046 0.000000 
									<Children>: 1
									<Frame>: 104 Wing.R.003_end
										<Transform>: 1.000000 -0.000000 -0.000000 0.000000 0.000000 1.000000 0.000000 0.000000 0.000000 -0.000000 1.000000 0.000000 0.000000 0.127628 0.000000 1.000000 1.000000 1.000000 1.000000 0.000000 0.000000 0.000000 0.000000 0.127628 0.000000 
										<Children>: 0
									</Frame>
								</Frame>
							</Frame>
						</Frame>
						<Frame>: 105 Wing.L.001
							<Transform>: 0.472909 0.042048 0.880108 0.000000 0.836527 0.292288 -0.463456 0.000000 -0.276732 0.955406 0.103051 0.000000 0.065560 0.089374 -0.018536 1.000000 1.000000 1.000000 1.000000 -77.464035 -61.655338 5.081050 0.065560 0.089374 -0.018536 
							<Children>: 1
							<Frame>: 106 Wing.L.002
								<Transform>: 0.999974 -0.007178 -0.000590 0.000000 0.007179 0.986586 0.163086 0.000000 -0.000589 -0.163086 0.986612 0.000000 -0.000000 0.153161 0.000000 1.000000 1.000000 1.000000 1.000000 9.386046 0.033790 -0.411298 0.000000 0.153161 0.000000 
								<Children>: 1
								<Frame>: 107 Wing.L.003
									<Transform>: 1.000000 0.000004 -0.000000 0.000000 -0.000004 1.000000 -0.000001 0.000000 0.000000 0.000001 1.000000 0.000000 0.000000 0.158046 0.000000 1.000000 1.000000 1.000000 1.000000 -0.000035 0.000026 0.000239 0.000000 0.158046 0.000000 
									<Children>: 1
									<Frame>: 108 Wing.L.003_end
										<Transform>: 1.000000 0.000000 0.000000 0.000000 0.000000 1.000000 -0.000000 0.000000 -0.000000 -0.000000 1.000000 0.000000 0.000000 0.127628 0.000000 1.000000 1.000000 1.000000 1.000000 0.000000 0.000000 0.000000 0.000000 0.127628 0.000000 
										<Children>: 0
									</Frame>
								</Frame>
							</Frame>
						</Frame>
					</Frame>
					<Frame>: 109 Arm.arm.R.001
						<Transform>: -0.087155 0.996193 -0.001745 0.000000 -0.996195 -0.087155 -0.000000 0.000000 -0.000152 0.001738 0.999998 0.000000 -0.035593 0.052923 0.000000 1.000000 1.000000 1.000000 1.000000 -0.000008 0.099974 94.999969 -0.035593 0.052923 0.000000 
						<Children>: 2
						<Frame>: 110 Arm.arm.R.002
							<Transform>: 0.884309 0.466903 0.000684 0.000000 -0.466902 0.884309 -0.000815 0.000000 -0.000985 0.000401 1.000000 0.000000 -0.000000 0.063870 -0.000000 1.000000 1.000001 1.000000 1.000000 -0.046669 -0.039189 27.833416 -0.000000 0.063870 -0.000000 
							<Children>: 1
							<Frame>: 111 Arm.arm.R.003
								<Transform>: 0.991733 0.128311 0.000854 0.000000 -0.128312 0.991734 -0.000111 0.000000 -0.000861 0.000000 0.999999 0.000000 -0.000000 0.100225 -0.000000 1.000000 0.999999 1.000000 1.000000 -0.006331 -0.048934 7.372035 -0.000000 0.100225 -0.000000 
								<Children>: 1
								<Frame>: 112 Arm.arm.R.004
									<Transform>: 0.999979 -0.004081 0.001565 0.000000 0.004081 0.999985 0.000000 0.000000 -0.001565 0.000006 0.999992 0.000000 0.000000 0.024234 0.000000 1.000000 0.999988 0.999993 0.999993 0.000004 -0.089646 -0.233806 0.000000 0.024234 0.000000 
									<Children>: 1
									<Frame>: 113 Arm.arm.R.004_end
										<Transform>: 1.000000 -0.000000 -0.000000 0.000000 0.000000 1.000000 -0.000000 0.000000 -0.000000 0.000000 1.000000 0.000000 0.000000 0.082004 0.000000 1.000000 1.000000 1.000000 1.000000 0.000000 0.000000 0.000000 0.000000 0.082004 0.000000 
										<Children>: 0
									</Frame>
								</Frame>
							</Frame>
						</Frame>
						<Frame>: 114 Arm.arm.dummy.R.004
							<Transform>: -0.572504 0.819902 -0.000997 0.000000 -0.003029 -0.000898 0.999995 0.000000 0.819897 0.572504 0.002997 0.000000 0.012505 0.140451 0.000086 1.000000 1.000000 1.000000 1.000000 89.828255 0.057147 124.925003 0.012505 0.140451 0.000086 
							<Children>: 1
							<Frame>: 115 Cloth.cloak.R.011
								<Transform>: 0.019140 0.999621 0.019760 0.000000 0.945031 -0.024540 0.326057 0.000000 0.326419 0.012433 -0.945143 0.000000 -0.000000 -0.000000 0.000000 1.000000 1.000000 1.000000 1.000000 160.966492 -1.132229 88.903099 -0.000000 -0.000000 0.000000 
								<Children>: 1
								<Frame>: 116 Cloth.cloak.R.012
									<Transform>: 1.000000 -0.000001 -0.000002 0.000000 0.000001 1.000000 0.000001 0.000000 0.000002 -0.000001 1.000000 0.000000 0.000000 0.097366 0.000000 1.000000 1.000000 1.000000 1.000000 0.000051 0.000139 -0.000058 0.000000 0.097366 0.000000 
									<Children>: 1
									<Frame>: 117 Cloth.cloak.R.013
										<Transform>: 1.000000 -0.000005 0.000006 0.000000 0.000005 1.000000 -0.000002 0.000000 -0.000006 0.000002 1.000000 0.000000 -0.000000 0.082817 0.000000 1.000000 1.000000 1.000000 1.000000 -0.000101 -0.000336 -0.000261 -0.000000 0.082817 0.000000 
										<Children>: 1
										<Frame>: 118 Cloth.cloak.R.013_end
											<Transform>: 1.000000 0.000000 0.000000 0.000000 0.000000 1.000000 -0.000000 0.000000 0.000000 -0.000000 1.000000 0.000000 0.000000 0.066878 0.000000 1.000000 1.000000 1.000000 1.000000 0.000000 0.000000 0.000000 0.000000 0.066878 0.000000 
											<Children>: 0
										</Frame>
									</Frame>
								</Frame>
							</Frame>
						</Frame>
					</Frame>
					<Frame>: 119 Head.neck.001
						<Transform>: 1.000000 0.000000 0.000000 0.000000 0.000000 1.000000 -0.000000 0.000000 0.000000 0.000000 1.000000 0.000000 0.000000 0.044709 0.000000 1.000000 1.000000 1.000000 1.000000 -0.000002 0.000000 0.000000 0.000000 0.044709 0.000000 
						<Children>: 1
						<Frame>: 120 Head.neck.001_end
							<Transform>: 1.000000 0.000000 0.000000 0.000000 0.000000 1.000000 0.000000 0.000000 0.000000 -0.000000 1.000000 0.000000 0.000000 0.106803 0.000000 1.000000 1.000000 1.000000 1.000000 0.000000 0.000000 0.000000 0.000000 0.106803 0.000000 
							<Children>: 0
						</Frame>
					</Frame>
					<Frame>: 121 Arm.arm.L.001
						<Transform>: -0.087155 -0.996193 0.001745 0.000000 0.996195 -0.087155 -0.000000 0.000000 0.000152 0.001738 0.999998 0.000000 0.035593 0.052923 0.000000 1.000000 1.000000 1.000000 1.000000 -0.000008 -0.099974 -94.999969 0.035593 0.052923 0.000000 
						<Children>: 2
						<Frame>: 122 Arm.arm.L.002
